YEAR_RANGES <- c("2017-2018", "2019-2020", "2021-2022", "2023-2024")
STAGES      <- c("stage1", "stage2")
OUTCOMES    <- c("prevalence", "awareness", "uncontrolled")